_viz_0 = nengo_gui.components.XYValue(heart)
_viz_config[_viz_0].max_value = 5
_viz_config[_viz_0].min_value = -5
_viz_config[_viz_0].index_x = 0
_viz_config[_viz_0].index_y = 1
_viz_config[_viz_0].x = 0.7125286809721506
_viz_config[_viz_0].y = 0.019458969258171838
_viz_config[_viz_0].width = 0.17418161583520236
_viz_config[_viz_0].height = 0.3321843068793879
_viz_config[_viz_0].label_visible = True
_viz_2 = nengo_gui.components.Raster(heart)
_viz_config[_viz_2].n_neurons = 200
_viz_config[_viz_2].x = 1.064296715534983
_viz_config[_viz_2].y = -0.0023265563034925805
_viz_config[_viz_2].width = 0.15297480489347795
_viz_config[_viz_2].height = 0.29174048759329296
_viz_config[_viz_2].label_visible = True
_viz_net_graph = nengo_gui.components.NetGraph()
_viz_progress = nengo_gui.components.Progress()
_viz_config[_viz_progress].x = 0
_viz_config[_viz_progress].y = 0
_viz_config[_viz_progress].width = 100
_viz_config[_viz_progress].height = 100
_viz_config[_viz_progress].label_visible = True
_viz_sim_control = nengo_gui.components.SimControl()
_viz_config[_viz_sim_control].shown_time = 0.5
_viz_config[_viz_sim_control].kept_time = 4.0
_viz_config[heart].pos=(0.4399960380980169, 0.16151773267161312)
_viz_config[heart].size=(0.1, 0.1)
_viz_config[model].pos=(-0.051521134761151055, 0.5507582567233654)
_viz_config[model].size=(0.7713210535693218, 0.7713210535693218)
_viz_config[model].expanded=True
_viz_config[model].has_layout=True
_viz_config[x].pos=(0.30857909401287753, -0.16720843357640944)
_viz_config[x].size=(0.15151515151515152, 0.10869565217391303)
_viz_config[y].pos=(0.2529068654310967, 0.19170295382187716)
_viz_config[y].size=(0.1, 0.1)